A1 = [1 -1 0 0 0 0 0 0; %A
    0 1 1 0 0 0 0 0; %B
    0 0 -1 1 0 0 0 0; %C
    1 0 0 0 0 0 0 1; %D
    0 0 0 1 1 0 0 0; %F
    0 0 0 0 0 0 -1 1; %G
    0 0 0 0 0 1 1 0; %H
    0 0 0 0 1 -1 0 0] %I

b1 = [0; 150; 20; 230; 410; 80; 210; 180]

rref([A1 b1])