A = [1 1; 1 2; 1 3; 1 4]
b = [0; 3; 5; 6]